
                         
                       	      EF      GH      EG      FH      Cpe medio
	               0      -8      -4      -8      -4     -20     -20     -20       0
                       5      -9      -4      -8      -4     -14     -12     -12     -10
                      10     -12      -4      -8      -6     -14      14       0     -12
                      15     -10      -4      -8      -6     -14     -12       0     -12
                      20      -4      -4      -7      -6     -10       0       0     -12
                      30       0      -4      -7      -6      -8       0       0     -11
                      45       3      -5      -7      -6       0       0       0     -11
                      60       7      -6      -7      -6       0       0       0     -11
	               0      -8      -6     -10      -6     -20     -20     -20       0
                       5      -9      -6      -9      -6     -20     -20     -15     -10
                      10     -11      -6      -8      -6     -20     -20     -15     -12
                      15     -10      -6      -8      -6     -18     -15     -15     -12
                      20      -7      -5      -8      -6     -15     -15     -15     -10
                      30      -2      -5      -8      -8     -10       0       0     -10
                      45       2      -5      -8      -8       0       0       0       0
                      60       6      -5      -8      -8       0       0       0       0
	               0      -8      -6      -9      -7     -20     -20     -20       0
                       5      -8      -6      -8      -8     -20     -20     -15     -10
                      10      -8      -6      -8      -8     -20     -20     -15     -12
                      15      -8      -6      -8      -8     -18     -18     -15     -12
                      20      -8      -6      -8      -8     -15     -15     -15     -12
                      30     -10      -5      -8      -7     -15       0       0       0
                      40      -2      -5      -8      -7     -10       0       0       0
                      50       2      -5      -8      -7       0       0       0       0
                      60       5      -5      -8      -7       0       0       0       0
